[defaults]
lambdas12 = vdwA =  1.00000 1.00000 1.00000 1.00000 1.00000 0.67479 0.45630 0.32525 0.24741 0.18978 0.11850 0.00000
            vdwB =  0.00000 0.11850 0.18978 0.24741 0.32525 0.45630 0.67479 1.00000 1.00000 1.00000 1.00000 1.00000
            coulA = 1.00000 0.75000 0.50000 0.25000 0.00000 0.00000 0.00000 0.00000 0.00000 0.00000 0.00000 0.00000
            coulB = 0.00000 0.00000 0.00000 0.00000 0.00000 0.00000 0.00000 0.00000 0.25000 0.50000 0.75000 1.00000

lambdas24 = vdwA =  1.00000 1.00000 1.00000 1.00000 1.00000 0.76285 0.57750 0.41884 0.28687 0.18158 0.10297 0.05106 0.00000 0.00000 0.00000 0.00000 0.00000 0.00000 0.00000 0.00000 0.00000 0.00000 0.00000 0.00000
            vdwB =  0.00000 0.00000 0.00000 0.00000 0.00000 0.00000 0.00000 0.00000 0.00000 0.00000 0.00000 0.00000 0.05106 0.10297 0.18158 0.28687 0.41884 0.57750 0.76285 1.00000 1.00000 1.00000 1.00000 1.00000
            coulA = 1.00000 0.75000 0.50000 0.25000 0.00000 0.00000 0.00000 0.00000 0.00000 0.00000 0.00000 0.00000 0.00000 0.00000 0.00000 0.00000 0.00000 0.00000 0.00000 0.00000 0.00000 0.00000 0.00000 0.00000
            coulB = 0.00000 0.00000 0.00000 0.00000 0.00000 0.00000 0.00000 0.00000 0.00000 0.00000 0.00000 0.00000 0.00000 0.00000 0.00000 0.00000 0.00000 0.00000 0.00000 0.00000 0.25000 0.50000 0.75000 1.00000

# Lambda values from Proc Natl Acad Sci U S A. 2012 Feb 7;109(6):1937-42. doi: 10.1073/pnas.1114017109. Epub 2012 Jan 23.
lambdas16wang = vdwA =  1.00000 1.00000 1.00000 1.00000 1.00000 0.85700 0.71400 0.57100 0.42900 0.28600 0.14300 0.00000 0.00000 0.00000 0.00000 0.00000
                vdwB =  0.00000 0.00000 0.00000 0.00000 0.00000 0.14300 0.28600 0.42900 0.57100 0.71400 0.85700 1.00000 1.00000 1.00000 1.00000 1.00000
                coulA = 1.00000 0.75000 0.50000 0.25000 0.00000 0.00000 0.00000 0.00000 0.00000 0.00000 0.00000 0.00000 0.00000 0.00000 0.00000 0.00000
                coulB = 0.00000 0.00000 0.00000 0.00000 0.00000 0.00000 0.00000 0.00000 0.00000 0.00000 0.00000 0.00000 0.25000 0.50000 0.75000 1.00000

lambdas23wang = vdwA =  1.00000 1.00000 1.00000 1.00000 1.00000 0.68000 0.46000 0.33000 0.25000 0.19000 0.12000 0.00000 0.00000 0.00000 0.00000 0.00000 0.00000 0.00000 0.00000 0.00000 0.00000 0.00000 0.00000
                vdwB =  0.00000 0.00000 0.00000 0.00000 0.00000 0.00000 0.00000 0.00000 0.00000 0.00000 0.00000 0.00000 0.12000 0.19000 0.25000 0.33000 0.46000 0.68000 1.00000 1.00000 1.00000 1.00000 1.00000
                coulA = 1.00000 0.75000 0.50000 0.25000 0.00000 0.00000 0.00000 0.00000 0.00000 0.00000 0.00000 0.00000 0.00000 0.00000 0.00000 0.00000 0.00000 0.00000 0.00000 0.00000 0.00000 0.00000 0.00000
                coulB = 0.00000 0.00000 0.00000 0.00000 0.00000 0.00000 0.00000 0.00000 0.00000 0.00000 0.00000 0.00000 0.00000 0.00000 0.00000 0.00000 0.00000 0.00000 0.00000 0.25000 0.50000 0.75000 1.00000
